acs_year,community_area,under_25_000,_25_000_to_49_999,_50_000_to_74_999,_75_000_to_125_000,_125_000,male_0_to_17,male_18_to_24,male_25_to_34,male_35_to_49,male_50_to_64,male_65,female_0_to_17,female_18_to_24,female_25_to_34,female_35_to_49,female_50_to_64,female_65,total_population,white,black_or_african_american,american_indian_or_alaska,asian,native_hawaiin_or_pacific,other_race,multiracial,white_not_hispanic_or_latino,hispanic_or_latino,record_id,middlerate,povertyrate,oldrate
2023,ALBANY PARK,1269,1916,1801,2306,3379,4799.0,2955.0,4513.0,5442.0,4354.0,2287,4913.0,2405.0,4116.0,5228.0,3764.0,3054,47830,21496.0,2228.0,759.0,7124.0,1.0,7888.0,8334.0,16115.0,21108.0,2023_ALBANY PARK,0.7015275044513166,0.1189204385718302,0.11166631821032824
2023,ARCHER HEIGHTS,223,752,441,795,739,1927.0,732.0,1102.0,1240.0,1417.0,1035,1502.0,899.0,978.0,1167.0,854.0,1021,13875,6232.0,10.0,108.0,679.0,0.0,3705.0,3142.0,2043.0,11097.0,2023_ARCHER HEIGHTS,0.6694915254237288,0.07559322033898305,0.14818018018018017
2023,ARMOUR SQUARE,701,798,370,637,597,1300.0,487.0,871.0,1174.0,1177.0,1032,1022.0,517.0,965.0,1163.0,1378.0,2063,13149,2556.0,1487.0,107.0,8402.0,61.0,212.0,325.0,2226.0,565.0,2023_ARMOUR SQUARE,0.5169191105381888,0.22591040928134065,0.23537911628260705
2023,ASHBURN,797,1351,1985,3014,2735,5150.0,1964.0,2881.0,4178.0,4228.0,2473,5138.0,2248.0,2774.0,4582.0,4044.0,3184,42842,11297.0,18124.0,697.0,436.0,0.0,7772.0,4517.0,3774.0,19917.0,2023_ASHBURN,0.7826350941105039,0.08065168994130743,0.13204332197376406
2023,AUBURN GRESHAM,2541,2451,1592,2202,1850,5803.0,1836.0,2964.0,3431.0,3469.0,3223,5305.0,2304.0,3057.0,4522.0,5213.0,5357,46483,760.0,43414.0,119.0,399.0,0.0,993.0,798.0,491.0,1577.0,2023_AUBURN GRESHAM,0.5306506205340353,0.23890560361037985,0.18458361121270142
2023,AUSTIN,5506,5084,3600,4047,3725,12399.0,4668.0,6681.0,9920.0,8110.0,6175,12163.0,4575.0,6643.0,10092.0,10040.0,8811,100278,10447.0,73602.0,531.0,678.0,21.0,8512.0,6487.0,5386.0,19591.0,2023_AUSTIN,0.5178034787359985,0.2507057645023222,0.14944454416721514
2023,AVALON PARK,420,489,356,518,630,1216.0,256.0,362.0,781.0,747.0,664,714.0,450.0,509.0,1087.0,965.0,1741,9492,27.0,8924.0,0.0,65.0,0.0,265.0,211.0,27.0,48.0,2023_AVALON PARK,0.6232905097389142,0.1740571902196436,0.25337126000842813
2023,AVONDALE,689,1191,1106,1726,3059,2666.0,1811.0,4559.0,4354.0,3117.0,1272,3768.0,1755.0,4664.0,3753.0,2913.0,1718,36350,19289.0,927.0,263.0,1750.0,15.0,7809.0,6297.0,13718.0,18606.0,2023_AVONDALE,0.7580748938360571,0.08866297773774288,0.08225584594222833
2023,BELMONT CRAGIN,1585,3843,3031,4588,3299,9084.0,3962.0,5195.0,8427.0,6668.0,3396,9697.0,3604.0,4798.0,7358.0,6445.0,5352,73988,27909.0,3370.0,993.0,1939.0,23.0,25743.0,14011.0,10782.0,57511.0,2023_BELMONT CRAGIN,0.6679309922916922,0.09696561849993883,0.11823538952262529
2023,BEVERLY,160,294,355,1074,3255,2069.0,856.0,863.0,1776.0,2112.0,1795,2206.0,730.0,1027.0,1667.0,2627.0,2082,19811,11330.0,6671.0,9.0,176.0,23.0,276.0,1327.0,10974.0,1389.0,2023_BEVERLY,0.9116387699493966,0.031140521603736863,0.1956993589420019
2023,BRIDGEPORT,1123,1450,1043,1634,2572,3048.0,1222.0,3580.0,3650.0,2982.0,2560,2606.0,1231.0,3327.0,3241.0,2969.0,2594,33012,13410.0,991.0,152.0,13234.0,0.0,2751.0,2475.0,11334.0,6879.0,2023_BRIDGEPORT,0.6710559959089747,0.14356941958578368,0.15612504543802252
2023,BRIGHTON PARK,1685,2564,1889,2138,1531,5354.0,2207.0,4308.0,3517.0,4085.0,2317,5398.0,2564.0,3232.0,3802.0,3452.0,2125,42360,14018.0,937.0,850.0,4391.0,128.0,14067.0,7969.0,3193.0,33785.0,2023_BRIGHTON PARK,0.5667380442541042,0.17181604976037523,0.10486307837582626
2023,BURNSIDE,31,104,73,96,136,262.0,82.0,20.0,182.0,148.0,210,189.0,63.0,126.0,292.0,323.0,333,2229,40.0,2007.0,0.0,0.0,0.0,0.0,183.0,40.0,108.0,2023_BURNSIDE,0.6931818181818182,0.07045454545454545,0.24360699865410498
2023,CALUMET HEIGHTS,353,308,431,906,903,930.0,221.0,783.0,661.0,1057.0,1133,1232.0,541.0,707.0,1056.0,1477.0,2279,12078,130.0,11470.0,19.0,17.0,0.0,158.0,284.0,28.0,498.0,2023_CALUMET HEIGHTS,0.7721475353326439,0.12168217855911755,0.2824971021692333
2023,CHATHAM,1530,1427,940,1291,1356,3149.0,1317.0,2269.0,1889.0,3182.0,1955,2565.0,1774.0,2398.0,3096.0,3965.0,3881,31440,414.0,29714.0,69.0,111.0,0.0,276.0,855.0,336.0,783.0,2023_CHATHAM,0.5481356968215159,0.23380195599022005,0.1856234096692112
2023,CHICAGO LAWN,2242,2901,2615,2352,1408,6370.0,3202.0,3678.0,5317.0,3471.0,3416,6727.0,3025.0,4383.0,4672.0,4160.0,3824,52245,10788.0,19658.0,806.0,272.0,0.0,12657.0,8064.0,1143.0,30407.0,2023_CHICAGO LAWN,0.5534815072061122,0.19465184927938878,0.13857785434012823
2023,CLEARING,359,997,1002,1677,1913,3350.0,1088.0,1920.0,3146.0,1993.0,1381,2561.0,900.0,1817.0,2472.0,2236.0,1847,24710,13917.0,486.0,479.0,178.0,37.0,4913.0,4701.0,8932.0,14872.0,2023_CLEARING,0.7720242098184263,0.06035642232683255,0.13063537029542696
2023,DOUGLAS,689,571,526,431,737,1630.0,1654.0,1445.0,1400.0,1276.0,1149,1464.0,1511.0,1994.0,1463.0,1626.0,2017,18629,2278.0,12400.0,214.0,2006.0,0.0,797.0,936.0,2042.0,1416.0,2023_DOUGLAS,0.5734597156398105,0.23324306025727826,0.16995007783563262
2023,DUNNING,761,1136,1714,3223,4246,4181.0,1634.0,2430.0,4527.0,5135.0,2831,4077.0,1902.0,2693.0,4013.0,4902.0,4222,42548,28488.0,1273.0,225.0,2450.0,4.0,5328.0,4779.0,23593.0,14613.0,2023_DUNNING,0.8287906137184116,0.06868231046931408,0.16576572341825702
2023,EAST GARFIELD PARK,1416,1114,462,767,436,2588.0,872.0,1525.0,1599.0,1499.0,796,2730.0,1264.0,1378.0,2624.0,1669.0,1312,19855,1537.0,16911.0,47.0,35.0,13.0,494.0,818.0,1130.0,1535.0,2023_EAST GARFIELD PARK,0.39690107270560193,0.33754469606674614,0.10616973054646185
2023,EAST SIDE,712,1248,1214,1450,988,2988.0,1376.0,1539.0,2518.0,2232.0,1010,3668.0,1311.0,1359.0,2324.0,1833.0,1473,23629,10892.0,365.0,597.0,146.0,0.0,7703.0,3927.0,2651.0,20479.0,2023_EAST SIDE,0.6507483962936564,0.12687099073414113,0.10508273731431715
2023,EDGEWATER,736,1082,909,1984,3751,2835.0,2070.0,5429.0,6256.0,4618.0,3208,2770.0,2761.0,5238.0,4632.0,3545.0,4121,47484,28646.0,5684.0,87.0,5724.0,90.0,1724.0,5529.0,25939.0,7756.0,2023_EDGEWATER,0.7851571732450957,0.08697707397778302,0.15434672731867577
2023,EDISON PARK,123,183,109,677,1846,1248.0,301.0,624.0,1045.0,1437.0,808,1292.0,331.0,1141.0,1063.0,1256.0,854,11398,9914.0,50.0,0.0,178.0,0.0,517.0,739.0,9162.0,1673.0,2023_EDISON PARK,0.8958475153165418,0.04186521443158611,0.14581505527285488
2023,ENGLEWOOD,1501,1264,754,705,321,2835.0,934.0,1402.0,1506.0,2045.0,1418,2400.0,1018.0,1813.0,1662.0,2454.0,1851,21337,619.0,19500.0,20.0,167.0,0.0,515.0,516.0,276.0,1114.0,2023_ENGLEWOOD,0.39163916391639164,0.33025302530253026,0.15320804236771804
2023,FOREST GLEN,162,349,343,953,3439,2749.0,504.0,925.0,2140.0,1833.0,1628,2234.0,455.0,954.0,2392.0,1990.0,1959,19763,15419.0,193.0,0.0,2190.0,0.0,725.0,1236.0,14528.0,2133.0,2023_FOREST GLEN,0.9025924513915364,0.030880670987418986,0.1815007842938825
2023,FULLER PARK,186,113,36,61,34,225.0,149.0,75.0,87.0,134.0,365,212.0,86.0,110.0,194.0,269.0,280,2186,148.0,1850.0,7.0,7.0,0.0,22.0,151.0,86.0,232.0,2023_FULLER PARK,0.30465116279069765,0.4325581395348837,0.2950594693504117
2023,GAGE PARK,1007,2038,1582,1619,1240,4256.0,2089.0,2910.0,3105.0,2809.0,2007,4786.0,2159.0,2167.0,3549.0,2489.0,2325,34650,13619.0,1403.0,536.0,264.0,1.0,13063.0,5764.0,995.0,31985.0,2023_GAGE PARK,0.5932407160032059,0.13451776649746192,0.12502164502164503
2023,GARFIELD RIDGE,421,1324,1220,2378,3565,4492.0,1324.0,2255.0,3930.0,3987.0,2545,3856.0,978.0,2459.0,3515.0,3464.0,3459,36265,21939.0,1183.0,502.0,595.0,40.0,6073.0,5932.0,13879.0,20235.0,2023_GARFIELD RIDGE,0.8041086663673103,0.04726088908845981,0.16555907900179237
2023,GRAND BOULEVARD,913,944,651,1406,1292,2160.0,807.0,2105.0,1857.0,2299.0,1347,2902.0,1080.0,2370.0,2930.0,2586.0,2365,24808,1339.0,21947.0,38.0,204.0,24.0,241.0,1015.0,1296.0,809.0,2023_GRAND BOULEVARD,0.6432961966961198,0.17537456780637725,0.14962915188648823
2023,GREATER GRAND CROSSING,1853,1764,1121,1172,747,3356.0,1108.0,1553.0,2280.0,2627.0,2022,3636.0,1210.0,2250.0,2972.0,3042.0,2996,29052,350.0,27524.0,184.0,74.0,1.0,531.0,387.0,304.0,756.0,2023_GREATER GRAND CROSSING,0.4566621601321917,0.27835361273847076,0.17272476937904446
2023,HEGEWISCH,213,309,462,560,592,1099.0,504.0,550.0,700.0,1155.0,623,898.0,286.0,671.0,611.0,890.0,909,8895,4768.0,1226.0,10.0,59.0,0.0,2015.0,818.0,3236.0,4331.0,2023_HEGEWISCH,0.7556179775280899,0.0997191011235955,0.17223159078133782
2023,HERMOSA,549,1273,974,1270,1148,2900.0,1411.0,1738.0,2605.0,1995.0,1238,2498.0,1370.0,1601.0,2157.0,1895.0,1794,23200,8318.0,1087.0,107.0,702.0,11.0,8182.0,4793.0,2866.0,18578.0,2023_HERMOSA,0.6505561948599923,0.10529344073647871,0.1306896551724138
2023,HUMBOLDT PARK,2099,3124,2632,2200,1901,7097.0,2493.0,4083.0,5546.0,4563.0,2115,7596.0,2530.0,5466.0,6141.0,4312.0,3073,55015,14677.0,19829.0,820.0,1335.0,0.0,11664.0,6691.0,6488.0,27389.0,2023_HUMBOLDT PARK,0.5631482101037136,0.1755603880896621,0.0943015541216032
2023,HYDE PARK,301,255,309,731,2078,1599.0,3025.0,2476.0,1535.0,1527.0,1245,1619.0,3157.0,2614.0,1916.0,1683.0,1696,24092,11509.0,6143.0,49.0,3763.0,0.0,604.0,2024.0,10805.0,1762.0,2023_HYDE PARK,0.8486663037561241,0.0819270549809472,0.12207371741656982
2023,IRVING PARK,1028,1882,1674,2798,5232,5486.0,1611.0,5235.0,6967.0,5024.0,2446,6188.0,1507.0,4820.0,6725.0,4160.0,3365,53535,31156.0,2073.0,205.0,5083.0,139.0,7625.0,7253.0,24178.0,20637.0,2023_IRVING PARK,0.769303947994292,0.08149674964325353,0.10854581115158307
2023,JEFFERSON PARK,521,751,814,1744,2965,2525.0,940.0,1972.0,3183.0,2898.0,1593,2964.0,775.0,2174.0,2846.0,2534.0,2586,26991,17913.0,695.0,66.0,3399.0,44.0,2070.0,2805.0,15345.0,6786.0,2023_JEFFERSON PARK,0.81280353200883,0.07667402501839587,0.15482938757363565
2023,KENWOOD,564,296,116,646,1254,1502.0,480.0,1052.0,1167.0,1308.0,1034,1548.0,450.0,1156.0,1542.0,1566.0,1564,14368,2958.0,9791.0,18.0,697.0,4.0,124.0,775.0,2804.0,383.0,2023_KENWOOD,0.7009735744089013,0.19610570236439498,0.1808184855233853
2023,LAKE VIEW,627,661,860,1969,10739,5822.0,5510.0,16503.0,9710.0,5596.0,3406,5587.0,6195.0,15126.0,8311.0,4827.0,4058,90652,71631.0,3913.0,146.0,6386.0,88.0,2415.0,6073.0,67784.0,8979.0,2023_LAKE VIEW,0.9133010231556273,0.04220516962843296,0.08233684860786304
2023,LINCOLN PARK,309,346,381,1224,8892,5078.0,4436.0,9024.0,5351.0,4012.0,2907,4564.0,5376.0,9145.0,5074.0,4180.0,2920,62067,50933.0,2283.0,25.0,4319.0,7.0,1261.0,3238.0,49078.0,4274.0,2023_LINCOLN PARK,0.9412661406025825,0.027708034433285508,0.09388241738766172
2023,LINCOLN SQUARE,576,1022,1173,2162,4410,3588.0,1258.0,4535.0,5778.0,3366.0,1739,3553.0,1589.0,5379.0,5576.0,3357.0,2462,42180,28731.0,1623.0,280.0,4345.0,0.0,2662.0,4539.0,25776.0,8311.0,2023_LINCOLN SQUARE,0.8289628598951087,0.061650433479610404,0.09959696538643907
2023,LOGAN SQUARE,1259,1521,1329,2708,7008,5469.0,2746.0,11445.0,9136.0,3989.0,2501,6219.0,3131.0,11399.0,8192.0,4007.0,3121,71354,45894.0,4355.0,481.0,3344.0,78.0,5260.0,11942.0,36570.0,24808.0,2023_LOGAN SQUARE,0.7989150090415913,0.09106690777576854,0.07879025702833758
2023,LOOP,138,540,305,1122,4777,1145.0,2179.0,7741.0,3986.0,2394.0,1583,1223.0,3843.0,6816.0,2979.0,2173.0,2221,38284,22509.0,3120.0,367.0,8849.0,0.0,1016.0,2424.0,20573.0,4297.0,2023_LOOP,0.9014821272885789,0.02005231037489102,0.09936265802946401
2023,LOWER WEST SIDE,900,1560,1242,1626,1887,3150.0,1522.0,4392.0,3634.0,2785.0,1700,2664.0,1888.0,4253.0,3611.0,2461.0,2118,34177,13332.0,1118.0,707.0,1430.0,0.0,11407.0,6182.0,7311.0,23679.0,2023_LOWER WEST SIDE,0.659043659043659,0.12474012474012475,0.11171255522719958
2023,MCKINLEY PARK,320,781,699,779,1039,1435.0,762.0,1301.0,1596.0,1828.0,740,1567.0,661.0,1141.0,1474.0,1819.0,1077,15400,5199.0,339.0,256.0,4282.0,0.0,3700.0,1625.0,2204.0,8474.0,2023_MCKINLEY PARK,0.6956882255389718,0.08844665561083472,0.11798701298701299
2023,MONTCLARE,312,464,510,827,1089,1719.0,529.0,851.0,1484.0,1101.0,1025,1312.0,498.0,791.0,1419.0,1663.0,1363,13755,7066.0,922.0,72.0,446.0,0.0,3851.0,1398.0,4683.0,7515.0,2023_MONTCLARE,0.7576514678326046,0.09743910056214866,0.17360959651035987
2023,MORGAN PARK,759,761,571,1180,1767,2608.0,667.0,1139.0,1985.0,1909.0,1646,2528.0,386.0,1212.0,2337.0,2124.0,2748,21288,6807.0,12770.0,53.0,211.0,0.0,335.0,1112.0,6485.0,981.0,2023_MORGAN PARK,0.6982929734021437,0.15065502183406113,0.2064073656520105
2023,MOUNT GREENWOOD,158,289,270,917,2785,2355.0,1042.0,933.0,1931.0,2268.0,1018,2521.0,631.0,894.0,2079.0,1811.0,1622,19107,17017.0,344.0,16.0,202.0,0.0,356.0,1172.0,16041.0,1834.0,2023_MOUNT GREENWOOD,0.8988458927359131,0.03575469563249604,0.1381692573402418
2023,NEAR NORTH SIDE,847,1032,517,1375,12236,3377.0,4374.0,15437.0,7622.0,7120.0,6401,2917.0,5592.0,16019.0,7509.0,7289.0,7978,91635,64903.0,6434.0,492.0,12354.0,8.0,1855.0,5590.0,62702.0,6664.0,2023_NEAR NORTH SIDE,0.8826138564378084,0.0529143499718873,0.1569160255360943
2023,NEAR SOUTH SIDE,447,180,235,401,4452,1752.0,633.0,3425.0,3566.0,2341.0,1128,1662.0,330.0,4305.0,2893.0,2275.0,1998,26307,14113.0,6588.0,57.0,3830.0,0.0,329.0,1390.0,13320.0,1334.0,2023_NEAR SOUTH SIDE,0.8902887139107611,0.07821522309711286,0.11882768844794162
2023,NEAR WEST SIDE,1532,1460,814,1625,6517,4919.0,4219.0,10357.0,7348.0,3601.0,1701,4144.0,4777.0,10374.0,7342.0,3979.0,2610,65370,30838.0,16099.0,119.0,11600.0,88.0,2322.0,4304.0,28282.0,6779.0,2023_NEAR WEST SIDE,0.7495815199196518,0.12822229661868095,0.06594768242312987
2023,NEW CITY,2266,2142,1432,1622,1440,5713.0,2336.0,2272.0,4591.0,3231.0,2477,5182.0,2083.0,3095.0,4415.0,2873.0,2576,40843,12557.0,8446.0,524.0,991.0,29.0,13273.0,5024.0,4036.0,27311.0,2023_NEW CITY,0.504830375196585,0.2545495394293417,0.12371765051538819
2023,NORTH CENTER,355,271,378,1019,6575,4873.0,673.0,3400.0,5310.0,2578.0,1093,4495.0,707.0,3913.0,4913.0,2253.0,1574,35782,28092.0,906.0,17.0,2264.0,22.0,1063.0,3418.0,26136.0,4516.0,2023_NORTH CENTER,0.9271923703186787,0.041288671784135846,0.07453468224246829
2023,NORTH LAWNDALE,1772,1538,1171,1454,613,4003.0,1654.0,2029.0,2415.0,1900.0,1477,3851.0,1250.0,2711.0,3627.0,3188.0,2251,30355,2545.0,24036.0,155.0,59.0,0.0,2363.0,1196.0,1614.0,4413.0,2023_NORTH LAWNDALE,0.4945021380574221,0.2706169822846671,0.12281337506176906
2023,NORTH PARK,391,835,583,1105,1390,1786.0,740.0,1243.0,1815.0,1591.0,1419,2570.0,943.0,1377.0,1781.0,1854.0,2139,19259,10185.0,532.0,153.0,6058.0,0.0,904.0,1426.0,8578.0,3398.0,2023_NORTH PARK,0.7151486988847584,0.09084572490706319,0.18474479464146631
2023,NORWOOD PARK,771,972,1140,2459,5263,5002.0,1192.0,2457.0,4154.0,3711.0,2981,4302.0,1067.0,1804.0,4531.0,3903.0,4970,40074,31029.0,515.0,144.0,2809.0,0.0,1759.0,3819.0,27986.0,7802.0,2023_NORWOOD PARK,0.8356435643564356,0.0727015558698727,0.1984079453011928
2023,OAKLAND,361,228,144,125,182,772.0,104.0,185.0,236.0,236.0,142,565.0,211.0,351.0,591.0,564.0,414,4373,159.0,3946.0,59.0,51.0,0.0,14.0,143.0,155.0,131.0,2023_OAKLAND,0.43365384615384617,0.3471153846153846,0.1271438371827121
2023,OHARE,321,650,1052,1083,1155,1304.0,601.0,2010.0,1852.0,1799.0,1060,1565.0,581.0,1576.0,1516.0,1249.0,1167,16281,10624.0,1079.0,55.0,2237.0,0.0,1110.0,1176.0,9418.0,3013.0,2023_OHARE,0.7721192208401784,0.0753344285379019,0.13678520975370062
2023,PORTAGE PARK,909,2483,1926,4182,5814,6444.0,3095.0,4545.0,7429.0,6435.0,3858,6611.0,2738.0,4146.0,7124.0,6704.0,5072,64201,38249.0,1171.0,1026.0,3935.0,9.0,12068.0,7743.0,29957.0,27520.0,2023_PORTAGE PARK,0.7785033302860128,0.059357450698707064,0.13909440662918024
2023,PULLMAN,287,308,346,478,226,391.0,221.0,516.0,704.0,503.0,329,843.0,211.0,474.0,807.0,999.0,855,6851,1123.0,5293.0,0.0,5.0,0.0,244.0,186.0,848.0,559.0,2023_PULLMAN,0.6382978723404256,0.17446808510638298,0.17282148591446503
2023,RIVERDALE,965,494,195,164,47,1270.0,303.0,508.0,256.0,321.0,137,1815.0,626.0,908.0,768.0,538.0,290,7740,181.0,7365.0,17.0,0.0,0.0,32.0,145.0,18.0,252.0,2023_RIVERDALE,0.21769436997319036,0.517426273458445,0.05516795865633075
2023,ROGERS PARK,1038,1986,1477,2460,2802,4392.0,2431.0,4440.0,6095.0,5495.0,2837,4879.0,4537.0,5128.0,5772.0,4080.0,3081,53169,25129.0,13602.0,459.0,2750.0,0.0,5278.0,5951.0,23158.0,10599.0,2023_ROGERS PARK,0.6902591416572775,0.10631977875652976,0.11130545994846622
2023,ROSELAND,1535,2186,1379,2244,1160,4122.0,1642.0,2695.0,2863.0,3657.0,2471,3871.0,1535.0,2622.0,3139.0,4872.0,4172,37660,668.0,35905.0,56.0,85.0,0.0,209.0,738.0,529.0,700.0,2023_ROSELAND,0.5624412041392286,0.1805032925682032,0.17639405204460967
2023,SOUTH CHICAGO,1499,1522,968,1295,1055,3841.0,1196.0,1727.0,2485.0,2543.0,1661,3850.0,1407.0,2431.0,2537.0,2636.0,2759,29072,2813.0,21948.0,123.0,125.0,0.0,2986.0,1077.0,947.0,5604.0,2023_SOUTH CHICAGO,0.5234264079507809,0.23647262975232686,0.15203632361034672
2023,SOUTH DEERING,912,838,464,562,564,1458.0,496.0,1289.0,751.0,1288.0,1262,1885.0,1065.0,771.0,1855.0,1618.0,1363,15100,3107.0,9719.0,144.0,1.0,20.0,1407.0,702.0,682.0,4707.0,2023_SOUTH DEERING,0.47604790419161674,0.27305389221556886,0.173841059602649
2023,SOUTH LAWNDALE,2608,4557,2307,2417,1622,7620.0,5006.0,8260.0,8288.0,5155.0,5044,7244.0,3896.0,4037.0,5721.0,4979.0,4303,69554,22010.0,8371.0,1044.0,606.0,32.0,23420.0,14070.0,3741.0,56992.0,2023_SOUTH LAWNDALE,0.4696913625934424,0.19302790318999333,0.13438479454812088
2023,SOUTH SHORE,2299,2082,1681,1798,1563,5258.0,1093.0,3630.0,3802.0,3698.0,2573,5188.0,1978.0,4501.0,4959.0,4833.0,4763,46276,1588.0,43339.0,12.0,160.0,27.0,453.0,698.0,1066.0,1463.0,2023_SOUTH SHORE,0.5350737557041282,0.24397750185715802,0.1585270982798859
2023,UPTOWN,1379,1189,971,1500,4119,3019.0,1977.0,7815.0,7131.0,5255.0,2224,3343.0,2325.0,6650.0,5389.0,4240.0,3306,52674,30635.0,10848.0,238.0,5033.0,17.0,2275.0,3626.0,27437.0,7558.0,2023_UPTOWN,0.7195894300065516,0.15057872898012667,0.10498538178228348
2023,WASHINGTON HEIGHTS,918,905,1179,1804,1609,2449.0,1417.0,1534.0,1841.0,2476.0,1588,2903.0,1366.0,1474.0,2882.0,2861.0,3520,26310,488.0,25401.0,87.0,24.0,0.0,94.0,216.0,386.0,248.0,2023_WASHINGTON HEIGHTS,0.7158222915042868,0.1431021044427124,0.19414671227670088
2023,WASHINGTON PARK,1142,717,274,317,267,2178.0,497.0,673.0,1005.0,749.0,465,1647.0,793.0,1189.0,1602.0,1001.0,564,12362,242.0,11691.0,10.0,0.0,0.0,138.0,281.0,230.0,171.0,2023_WASHINGTON PARK,0.3157894736842105,0.42031652557968346,0.08323895809739525
2023,WEST ELSDON,267,921,788,979,1030,2228.0,769.0,1355.0,1998.0,1381.0,1351,2464.0,933.0,1286.0,1632.0,1670.0,1134,18201,7800.0,128.0,749.0,688.0,0.0,5056.0,3780.0,2606.0,14781.0,2023_WEST ELSDON,0.7018820577164366,0.06700125470514429,0.13653095983737157
2023,WEST ENGLEWOOD,1547,1804,785,932,570,3013.0,1250.0,1888.0,1987.0,2377.0,2005,2749.0,1327.0,1839.0,2055.0,2493.0,2988,25971,1353.0,20537.0,279.0,83.0,65.0,2435.0,1220.0,262.0,4674.0,2023_WEST ENGLEWOOD,0.4056402979780064,0.2743880808797446,0.1922528974625544
2023,WEST GARFIELD PARK,1048,975,655,432,346,2343.0,828.0,1223.0,1424.0,1713.0,853,1548.0,871.0,1263.0,1247.0,1684.0,1347,16345,501.0,15047.0,1.0,12.0,0.0,641.0,144.0,347.0,878.0,2023_WEST GARFIELD PARK,0.4146412037037037,0.30324074074074076,0.1345977363107984
2023,WEST LAWN,766,1224,1296,1909,1777,4673.0,1865.0,2004.0,3594.0,2563.0,1453,4162.0,1665.0,2247.0,3283.0,2507.0,2435,32451,13717.0,929.0,585.0,255.0,171.0,10645.0,6149.0,3980.0,27275.0,2023_WEST LAWN,0.7145725760183591,0.10986804360298336,0.11981140796893779
2023,WEST PULLMAN,1380,1196,850,1273,1158,3160.0,1306.0,1515.0,1883.0,2296.0,1462,2657.0,1255.0,1558.0,2957.0,2373.0,2739,25159,908.0,22426.0,0.0,0.0,0.0,790.0,1035.0,289.0,1856.0,2023_WEST PULLMAN,0.5601843947413352,0.2356155028171419,0.16697801979410945
2023,WEST RIDGE,2088,3577,3031,4005,5327,10747.0,3219.0,5519.0,8146.0,7729.0,4907,10789.0,2568.0,4807.0,7905.0,6939.0,5945,79220,36943.0,9310.0,681.0,16696.0,17.0,6958.0,8615.0,31486.0,17531.0,2023_WEST RIDGE,0.6857665853117373,0.11581983581096073,0.1369856096945216
2023,WEST TOWN,1051,1114,1197,2506,10663,5722.0,2592.0,16967.0,11131.0,4750.0,2570,5586.0,3211.0,16764.0,9695.0,4375.0,3089,86453,61759.0,6039.0,147.0,5138.0,21.0,4650.0,8700.0,54505.0,17099.0,2023_WEST TOWN,0.8690339362410018,0.06357752102111185,0.06545753183810857
2023,WOODLAWN,1039,1223,622,917,807,2564.0,1958.0,1809.0,1861.0,2246.0,1019,2410.0,1801.0,1958.0,2533.0,2372.0,1905,24437,2807.0,18965.0,50.0,867.0,0.0,863.0,886.0,2438.0,783.0,2023_WOODLAWN,0.5091145833333334,0.22547743055555555,0.11965462208945452
